val gid = arrayOf(
    intArrayOf(8, 2, 22, 97, 35, 15, 0, 40, 0, 75),
    intArrayOf(49, 49, 99, 40, 17, 81, 18, 57, 60, 87),
    intArrayOf(81, 49, 31, 73, 55, 79, 14, 29, 94, 71),
    intArrayOf(52, 70, 95, 23, 4, 60, 11, 42, 69, 24),
    intArrayOf(22, 31, 16, 71, 51, 67, 63, 89, 41, 92),
    intArrayOf(24, 47, 32, 60, 99, 3, 45, 2, 44, 75),
    intArrayOf(32, 98, 81, 28, 68, 2, 62, 12, 20, 95),
    intArrayOf(67, 26, 20, 68, 2, 62, 12, 20, 95, 63),
    intArrayOf(24, 55, 58, 5, 66, 73, 99, 26, 97, 17),
    intArrayOf(21, 36, 23, 9, 75, 0, 76, 44, 20, 45),
)